0.20
0.74
0.26
0.12
0.57
0.58
0.48
0.79
0.57
0.72
0.70
0.64
0.58
0.56
0.69
0.63
0.59
0.71
0.66
0.49
0.93
0.87
0.56
0.91
0.88
0.40
0.77
0.84
0.55
0.87
0.86
0.62
0.60
0.67
0.77
0.56
0.66
0.88
0.71
0.72
0.71
0.46
0.68
0.67
0.84
0.87
0.91
0.82
0.86
0.64
0.67
0.98
0.86
0.79
0.91
0.71
0.36
0.77
0.63
0.61
0.67
0.62
0.73
0.68
0.62
0.70
0.61
0.68
0.71
0.85
0.86
0.90
0.64
0.86
0.84
0.46
0.80
0.87
0.69
0.80
0.83
0.44
0.63
0.80
0.62
0.69
0.67
0.83
0.78
0.69
0.73
0.55
0.69
0.68
0.87
0.89
0.90
0.87
0.76
0.62
0.75
0.96
0.89
0.81
0.90
0.68
0.43
0.78
0.61
0.42
0.70
0.56
0.45
0.72
0.51
0.59
0.59
0.61
0.57
0.72
0.82
0.63
0.64
0.76
0.61
0.71
0.86
0.65
0.65
0.87
0.65
0.32
0.31
0.36
0.42
0.84
0.87
0.80
0.88
0.88
0.82
0.98
0.83
0.76
0.91
0.92
0.97
0.92
0.87
0.90
0.79
0.92
0.91
0.86
0.97
0.78
0.84
1.00
0.73
0.70
0.96
0.66
0.60
0.95
0.72
0.70
0.96
0.67
0.26
0.03