0.48
0.46
0.40
0.22
0.36
0.24
0.33
0.14
0.53
0.63
0.66
0.69
0.53
0.72
0.63
0.64
0.77
0.82
0.60
0.69
0.60
0.82
0.42
0.62
0.68
0.68
0.54
0.64
0.57
0.67
0.56
0.80
0.80
0.62
0.68
0.64
0.84
0.51
0.52
0.70
0.67
0.59
0.71
0.55
0.71
0.58
0.69
0.67
0.67
0.55
0.69
0.62
0.70
0.50
0.69
0.98
0.85
0.87
0.91
0.84
0.90
0.82
0.87
0.94
0.74
0.88
0.82
0.89
0.83
0.88
0.92
0.86
0.86
0.94
0.90
0.93
0.87
0.70
0.94
0.87
0.87
0.92
0.82
0.91
0.80
0.75
0.68
0.61
0.68
0.59
0.68
0.55
0.72
0.76
0.75
0.60
0.71
0.63
0.74
0.45
0.75
0.67
0.67
0.64
0.59
0.68
0.64
0.62
0.78
0.71
0.57
0.68
0.58
0.76
0.70
0.74
0.80
0.96
0.85
0.94
0.82
0.94
0.84
0.88
0.91
0.86
0.79
0.94
0.82
0.93
0.78
0.99
0.93
0.81
0.90
0.95
0.92
0.90
0.82
0.78
0.96
0.88
0.96
0.87
0.93
0.84
0.69
0.51
0.47
0.50
0.49
0.47
0.46
0.55
0.55
0.65
0.54
0.56
0.52
0.69
0.50
0.60
0.69
0.76
0.68
0.79
0.67
0.79
0.55
0.38
1.00
0.96
0.89
0.99
0.86
0.98
0.85
0.93
0.96
0.86
0.92
0.93
0.91
0.89
0.89
0.95
0.89
0.84
0.94
0.92
0.95
0.91
0.45
0.78
0.96
0.88
0.99
0.85
0.84
0.36
0.10
0.02
0.00
0.00
0.00