0.31
0.34
0.29
0.35
0.38
0.71
0.80
0.84
0.76
0.76
0.92
0.82
0.78
0.80
0.76
0.89
0.92
0.60
0.63
0.43
0.50
0.65
0.42
0.58
0.58
0.40
0.56
0.68
0.78
0.61
0.57
0.61
0.64
0.54
0.63
0.49
0.57
0.64
0.58
0.81
0.81
0.85
0.83
0.87
0.92
0.95
0.91
0.86
0.87
0.87
0.88
0.53
0.84
0.81
0.82
0.78
0.78
0.88
0.85
0.82
0.78
0.79
0.79
0.56
0.65
0.64
0.45
0.61
0.57
0.49
0.67
0.62
0.57
0.64
0.79
0.85
0.59
0.61
0.74
0.63
0.57
0.73
0.50
0.65
0.66
0.63
0.95
0.85
0.84
0.87
0.89
0.90
0.91
0.92
0.88
0.86
0.87
0.83
0.54
0.87
0.82
0.79
0.82
0.81
0.80
0.91
0.79
0.76
0.87
0.90
0.98
0.91
0.82
0.78
0.81
0.87
0.85
0.88
0.83
0.79
0.87
0.93
0.79
0.57
0.60
0.58
0.66
0.70
0.61
0.57
0.61
0.63
0.66
0.73
0.75
0.78
0.75
0.79
0.85
0.80
0.77
0.78
0.76
0.84
0.82
0.87
0.88
0.85
0.88
0.94
0.91
0.95
0.92
0.93
0.93
0.97
0.96
0.80
0.51
0.44
0.71
0.89
0.86
0.79
0.82
0.92
0.86
0.83
0.88
0.77
0.89
1.00
0.97
0.86
0.84
0.81
0.82
0.92
0.89
0.86
0.82
0.86
0.93
0.87
0.16
0.00
0.00
0.00
0.00
0.00